Selection	View	Channel	Begin File	End File	Begin Time (s)	End Time (s)	Beg File Samp (samples)	End File Samp (samples)	Confidence
1	Spectrogram 1	1	20150116-010341.wav	20150116-010341.wav	11.776	23.552	2979	5958	0.1626
2	Spectrogram 1	1	20150116-010341.wav	20150116-010341.wav	24.832	31.488	6282	7966	0.1592
3	Spectrogram 1	1	20150116-010341.wav	20150116-010341.wav	41.728	43.520	10557	11010	0.1534
4	Spectrogram 1	1	20150116-010341.wav	20150116-010341.wav	46.080	47.360	11658	11982	0.1590
5	Spectrogram 1	1	20150116-010341.wav	20150116-010341.wav	54.016	55.808	13666	14119	0.1587
6	Spectrogram 1	1	20150116-010341.wav	20150116-010341.wav	60.416	65.792	15285	16645	0.1600
7	Spectrogram 1	1	20150116-010341.wav	20150116-010341.wav	72.960	76.544	18458	19365	0.1653
8	Spectrogram 1	1	20150116-010341.wav	20150116-010341.wav	78.080	79.616	19754	20142	0.1578
9	Spectrogram 1	1	20150116-010341.wav	20150116-010341.wav	91.392	96.512	23122	24417	0.1548
10	Spectrogram 1	1	20150116-010341.wav	20150116-010341.wav	98.816	105.472	25000	26684	0.1570
11	Spectrogram 1	1	20150116-010341.wav	20150116-010341.wav	106.496	108.032	26943	27332	0.1597
12	Spectrogram 1	1	20150116-010341.wav	20150116-010341.wav	109.568	111.360	27720	28174	0.1623
13	Spectrogram 1	1	20150116-010341.wav	20150116-010341.wav	118.016	121.856	29858	30829	0.1642
14	Spectrogram 1	1	20150116-010341.wav	20150116-010341.wav	129.024	139.520	32643	35298	0.1624
15	Spectrogram 1	1	20150116-010341.wav	20150116-010341.wav	153.856	156.672	38925	39638	0.1568
16	Spectrogram 1	1	20150116-010341.wav	20150116-010341.wav	161.792	167.936	40933	42487	0.1588
17	Spectrogram 1	1	20150116-010341.wav	20150116-010341.wav	178.944	180.224	45272	45596	0.1521
18	Spectrogram 1	1	20150116-010341.wav	20150116-010341.wav	182.272	183.552	46114	46438	0.1549
19	Spectrogram 1	1	20150116-010341.wav	20150116-010341.wav	194.304	196.608	49158	49741	0.1551
20	Spectrogram 1	1	20150116-010341.wav	20150116-010341.wav	207.360	209.920	52462	53109	0.1567
21	Spectrogram 1	1	20150116-010341.wav	20150116-010341.wav	220.160	226.048	55700	57190	0.1599
22	Spectrogram 1	1	20150116-010341.wav	20150116-010341.wav	233.728	240.128	59133	60752	0.1599
23	Spectrogram 1	1	20150116-010341.wav	20150116-010341.wav	250.624	272.384	63407	68913	0.1655
24	Spectrogram 1	1	20150116-010341.wav	20150116-010341.wav	274.176	277.248	69366	70143	0.1511
25	Spectrogram 1	1	20150116-010341.wav	20150116-010341.wav	281.088	287.744	71115	72799	0.1574
26	Spectrogram 1	1	20150116-010341.wav	20150116-010341.wav	295.936	303.616	74871	76814	0.1574
27	Spectrogram 1	1	20150116-010341.wav	20150116-010341.wav	307.200	314.880	77721	79664	0.1577
28	Spectrogram 1	1	20150116-010341.wav	20150116-010341.wav	317.184	320.256	80247	81024	0.1526
29	Spectrogram 1	1	20150116-010341.wav	20150116-010341.wav	324.608	333.824	82125	84457	0.1581
30	Spectrogram 1	1	20150116-010341.wav	20150116-010341.wav	337.920	343.040	85493	86789	0.1572
31	Spectrogram 1	1	20150116-010341.wav	20150116-010341.wav	349.184	352.000	88343	89056	0.1548
32	Spectrogram 1	1	20150116-010341.wav	20150116-010341.wav	355.840	364.800	90027	92294	0.1693
33	Spectrogram 1	1	20150116-010341.wav	20150116-010341.wav	369.152	380.160	93395	96180	0.1561
34	Spectrogram 1	1	20150116-010341.wav	20150116-010341.wav	383.488	385.280	97022	97475	0.1549
35	Spectrogram 1	1	20150116-010341.wav	20150116-010341.wav	386.304	396.288	97734	100260	0.1613
36	Spectrogram 1	1	20150116-010341.wav	20150116-010341.wav	417.536	419.840	105636	106219	0.1541
37	Spectrogram 1	1	20150116-010341.wav	20150116-010341.wav	438.016	439.552	110818	111206	0.1517
38	Spectrogram 1	1	20150116-010341.wav	20150116-010341.wav	442.368	454.400	111919	114963	0.1577
39	Spectrogram 1	1	20150116-010341.wav	20150116-010341.wav	460.800	465.664	116582	117812	0.1585
40	Spectrogram 1	1	20150116-010341.wav	20150116-010341.wav	474.624	486.400	120079	123059	0.1641
41	Spectrogram 1	1	20150116-010341.wav	20150116-010341.wav	490.496	494.080	124095	125002	0.1614
42	Spectrogram 1	1	20150116-010341.wav	20150116-010341.wav	496.128	499.712	125520	126427	0.1525
43	Spectrogram 1	1	20150116-010341.wav	20150116-010341.wav	511.488	513.280	129406	129859	0.1568
44	Spectrogram 1	1	20150116-010341.wav	20150116-010341.wav	519.424	526.080	131414	133098	0.1587
45	Spectrogram 1	1	20150116-010341.wav	20150116-010341.wav	528.896	530.176	133810	134134	0.1518
46	Spectrogram 1	1	20150116-010341.wav	20150116-010341.wav	534.272	535.552	135170	135494	0.1566
47	Spectrogram 1	1	20150116-010341.wav	20150116-010341.wav	538.880	540.416	136336	136725	0.1531
48	Spectrogram 1	1	20150116-010341.wav	20150116-010341.wav	544.000	545.280	137632	137955	0.1548
49	Spectrogram 1	1	20150116-010341.wav	20150116-010341.wav	553.216	554.752	139963	140352	0.1536
50	Spectrogram 1	1	20150116-010341.wav	20150116-010341.wav	566.784	570.880	143396	144432	0.1553
51	Spectrogram 1	1	20150116-010341.wav	20150116-010341.wav	575.488	576.512	145598	145857	0.1538
52	Spectrogram 1	1	20150116-010341.wav	20150116-010341.wav	579.072	591.104	146505	149549	0.1678
