Selection	View	Channel	Begin File	End File	Begin Time (s)	End Time (s)	Beg File Samp (samples)	End File Samp (samples)	Confidence
1	Spectrogram 1	1	20150127-140717.wav	20150127-140717.wav	9.984	19.200	2525	4857	0.1622
2	Spectrogram 1	1	20150127-140717.wav	20150127-140717.wav	22.016	25.856	5570	6541	0.1556
3	Spectrogram 1	1	20150127-140717.wav	20150127-140717.wav	27.136	34.560	6865	8743	0.1625
4	Spectrogram 1	1	20150127-140717.wav	20150127-140717.wav	56.064	65.536	14184	16580	0.1553
5	Spectrogram 1	1	20150127-140717.wav	20150127-140717.wav	78.592	92.416	19883	23381	0.1563
6	Spectrogram 1	1	20150127-140717.wav	20150127-140717.wav	94.720	97.280	23964	24611	0.1517
7	Spectrogram 1	1	20150127-140717.wav	20150127-140717.wav	100.608	105.216	25453	26619	0.1607
8	Spectrogram 1	1	20150127-140717.wav	20150127-140717.wav	107.264	109.312	27137	27655	0.1582
9	Spectrogram 1	1	20150127-140717.wav	20150127-140717.wav	119.808	121.856	30311	30829	0.1640
10	Spectrogram 1	1	20150127-140717.wav	20150127-140717.wav	126.976	129.024	32124	32643	0.1547
11	Spectrogram 1	1	20150127-140717.wav	20150127-140717.wav	131.584	134.912	33290	34132	0.1584
12	Spectrogram 1	1	20150127-140717.wav	20150127-140717.wav	145.152	146.432	36723	37047	0.1532
13	Spectrogram 1	1	20150127-140717.wav	20150127-140717.wav	155.648	156.928	39378	39702	0.1516
14	Spectrogram 1	1	20150127-140717.wav	20150127-140717.wav	163.072	164.096	41257	41516	0.1559
15	Spectrogram 1	1	20150127-140717.wav	20150127-140717.wav	168.704	169.984	42682	43005	0.1538
16	Spectrogram 1	1	20150127-140717.wav	20150127-140717.wav	173.312	174.336	43847	44107	0.1541
17	Spectrogram 1	1	20150127-140717.wav	20150127-140717.wav	181.248	192.768	45855	48770	0.1573
18	Spectrogram 1	1	20150127-140717.wav	20150127-140717.wav	196.608	208.896	49741	52850	0.1659
19	Spectrogram 1	1	20150127-140717.wav	20150127-140717.wav	210.176	221.184	53174	55959	0.1584
20	Spectrogram 1	1	20150127-140717.wav	20150127-140717.wav	223.744	228.096	56607	57708	0.1610
21	Spectrogram 1	1	20150127-140717.wav	20150127-140717.wav	233.728	237.056	59133	59975	0.1527
22	Spectrogram 1	1	20150127-140717.wav	20150127-140717.wav	251.648	258.304	63666	65350	0.1617
23	Spectrogram 1	1	20150127-140717.wav	20150127-140717.wav	271.616	273.152	68718	69107	0.1566
24	Spectrogram 1	1	20150127-140717.wav	20150127-140717.wav	274.176	275.456	69366	69690	0.1579
25	Spectrogram 1	1	20150127-140717.wav	20150127-140717.wav	280.064	281.088	70856	71115	0.1526
26	Spectrogram 1	1	20150127-140717.wav	20150127-140717.wav	282.112	284.928	71374	72086	0.1590
27	Spectrogram 1	1	20150127-140717.wav	20150127-140717.wav	285.952	287.232	72345	72669	0.1568
28	Spectrogram 1	1	20150127-140717.wav	20150127-140717.wav	297.728	300.288	75325	75972	0.1529
29	Spectrogram 1	1	20150127-140717.wav	20150127-140717.wav	334.080	335.104	84522	84781	0.1554
30	Spectrogram 1	1	20150127-140717.wav	20150127-140717.wav	340.224	348.672	86076	88214	0.1594
31	Spectrogram 1	1	20150127-140717.wav	20150127-140717.wav	349.696	351.488	88473	88926	0.1547
32	Spectrogram 1	1	20150127-140717.wav	20150127-140717.wav	358.656	359.936	90739	91063	0.1557
33	Spectrogram 1	1	20150127-140717.wav	20150127-140717.wav	364.800	366.080	92294	92618	0.1514
34	Spectrogram 1	1	20150127-140717.wav	20150127-140717.wav	369.664	377.088	93524	95403	0.1602
35	Spectrogram 1	1	20150127-140717.wav	20150127-140717.wav	380.928	382.720	96374	96828	0.1526
36	Spectrogram 1	1	20150127-140717.wav	20150127-140717.wav	392.704	394.240	99354	99742	0.1544
37	Spectrogram 1	1	20150127-140717.wav	20150127-140717.wav	403.712	406.016	102139	102722	0.1541
38	Spectrogram 1	1	20150127-140717.wav	20150127-140717.wav	410.368	412.416	103823	104341	0.1543
39	Spectrogram 1	1	20150127-140717.wav	20150127-140717.wav	418.304	424.448	105830	107385	0.1541
40	Spectrogram 1	1	20150127-140717.wav	20150127-140717.wav	428.544	432.896	108421	109522	0.1671
41	Spectrogram 1	1	20150127-140717.wav	20150127-140717.wav	435.968	436.992	110299	110558	0.1563
42	Spectrogram 1	1	20150127-140717.wav	20150127-140717.wav	438.272	439.552	110882	111206	0.1531
43	Spectrogram 1	1	20150127-140717.wav	20150127-140717.wav	450.304	451.584	113926	114250	0.1537
44	Spectrogram 1	1	20150127-140717.wav	20150127-140717.wav	451.840	455.680	114315	115287	0.1593
45	Spectrogram 1	1	20150127-140717.wav	20150127-140717.wav	466.688	468.224	118072	118460	0.1599
46	Spectrogram 1	1	20150127-140717.wav	20150127-140717.wav	469.760	474.112	118849	119950	0.1605
47	Spectrogram 1	1	20150127-140717.wav	20150127-140717.wav	482.816	486.656	122152	123123	0.1593
48	Spectrogram 1	1	20150127-140717.wav	20150127-140717.wav	488.192	501.760	123512	126945	0.1684
49	Spectrogram 1	1	20150127-140717.wav	20150127-140717.wav	507.392	512.000	128370	129536	0.1614
50	Spectrogram 1	1	20150127-140717.wav	20150127-140717.wav	526.336	530.944	133163	134328	0.1613
51	Spectrogram 1	1	20150127-140717.wav	20150127-140717.wav	532.480	547.072	134717	138409	0.1607
52	Spectrogram 1	1	20150127-140717.wav	20150127-140717.wav	552.960	554.752	139898	140352	0.1525
53	Spectrogram 1	1	20150127-140717.wav	20150127-140717.wav	555.776	569.856	140611	144173	0.1602
54	Spectrogram 1	1	20150127-140717.wav	20150127-140717.wav	573.440	574.720	145080	145404	0.1527
55	Spectrogram 1	1	20150127-140717.wav	20150127-140717.wav	584.960	590.848	147994	149484	0.1637
